020598
020593
020595
020594
020600
020596
020601
020602
020603
020608
020609
020597
062234
023316
023359
073851
019242
073766
020599
032239
071408
018384
026830
079258
079162
026817
014086
026444
085257
026755
004925
021240
085247
032263
079114
012169
012175
000657
032265
021243
070538
034997
035810
030829
011730
021047
068994
073689
070532
013032
026626
026615
004850
002224
030730
035056
003952
013036
073921
017498
025637
032342
073918
027128
001735
011992
000150
005117
032367
019809
011030
019205
026371
012417
000465
001590
003982
021136
011704
027111
002410
001766
019354
012389
015061
030639
023817
004618
012394
014453
018183
003211
000543
006376
031856
008067
035749
017488
021465
018163
028421
028499
012383
008080
004066
003240
017912
029111
017489
009939
028369
007584
029267
013936
029073
007501
021100
006319
011807
002031
017408
011809
029146
009349
009653
009827
009883
007916
018953
019852
011203
009596
028671
029082
017399
018101
017421
009365
028589
018393
017423
008916
016068
009498
009874
000805
000898
009565
011889
008917
009501
009922
009680
009890
000213
015371
008857
003777
002043
000845
028777
011507
009373
000886
011139
021099
015704
020937
009187
015638
011886
019982
013719
015640
017235
015975
015572
011878
022804
009356
015556
021639
021842
003153
023149
015123
013702
022677
000233
024233
019606
017030
008884
018571
023256
015117
023588
021935
018508
017276
023196
019940
000276
015571
002148
002181
025286
023627
023102
000977
014834
022904
022891
028097
023620
002180
024238
019660
025002
017237
000229
024380
023021
016620
026957
028061
009319
015965
026156
027660
025733
025285
002128
026046
018485
024770
027232
015953
001971
001532
015711
024288
002456
027589
027209
020938
027790
026071
002196
022929
015514
002469
026128
027881
009338
027817
001254
001295
027002
002834
001960
027769
003629
015179
027886
001287
018929
024620
002770
002915
021261
015227
027910
002760
005632
001236
015589
002583
031903
024242
032987
030960
032922
009344
005528
033821
004070
005983
015781
032749
032739
015210
005755
033510
036289
032884
027523
002774
036180
036004
036269
036199
033176
034480
036469
036643
036415
036811
036216
036860
036678
036547
036154
036158
036711
036344
036998
037202
036466
036368
035295
036141
036820
036996
036935
037213
036367
037374
036768
036684
036435
036714
032741
037080
037344
037263
037195
036558
037179
036958
037196
037091
037072
037412
037515
037329
036929
037293
037593
037283
037444
037619
037203
037377
037180
004189
037646
037384
037353
037323
037372
037214
037299
037609
037339
037376
037629
037342
037398
037566
037495
037602
037418
037197
037524
037592
037673
027794
037591
022612
037315
016648
037598
037328
037752
037322
037710
037755
037475
004053
003608
037672
037604
037525
037802
023885
037688
037631
005819
037893
037760
037640
037799
037668
037845
037630
038063
030307
025948
038037
037911
037769
037856
037588
038048
037818
037696
038139
037773
037963
037926
037890
037703
038061
037647
037842
037633
038149
037674
038137
038129
038171
004692
038036
038254
038290
037772
037702
037225
038095
038166
037838
037611
004228
038244
038138
038172
038288
036812
037714
037952
037458
037958
037720
037757
037974
038281
038211
038175
038119
037927
038282
038375
038298
038243
038360
038538
038279
038247
037986
037920
037987
038608
038130
038521
038152
038361
038623
038405
036255
038531
038372
038351
038174
038570
038520
038669
037200
038543
037951
037922
038585
038662
037924
038250
038412
038650
038580
038665
038790
036870
038666
038630
038649
038733
038711
038490
039077
038672
039132
039546
038767
038807
039501
038614
038742
039313
039351
038606
038605
038474
038476
037697
038771
040157
038960
037768
040402
040285
037584
039900
039964
040316
039261
040122
040517
040267
039474
038429
040515
040274
038489
039410
039352
039594
040578
039921
040788
040773
040487
040747
040198
040815
038462
038199
038245
039063
039709
041008
039763
039286
038515
041276
041760
040401
040806
039339
041657
038155
039357
040942
041309
041637
042101
041314
040987
041012
041972
037884
041701
041390
040796
041991
038926
041013
041079
040779
042194
042295
041694
041152
041921
040933
041828
041913
042026
042051
042383
041182
042627
042413
042440
042569
041915
042629
042318
041950
042110
042249
042553
042825
042446
041707
042908
043251
042175
042505
042489
043711
043075
042909
042570
043147
042995
043813
041009
042619
042104
043325
042130
041864
041635
042778
042687
043757
042774
043945
042568
042675
043859
038125
043575
041896
043291
043504
043819
043247
039344
043743
043628
043973
038641
042946
043312
043856
044975
043163
043505
044004
044002
042979
044337
038611
043574
044299
038915
044853
044046
044905
043842
041570
045057
042794
044940
043146
044868
045398
044855
044877
044598
044773
045427
043282
045407
044619
042628
046153
045072
043951
038622
045129
045121
045438
044897
044646
045453
045576
045995
045881
045296
044927
045844
045317
042562
045483
044864
045441
045151
045943
046283
046364
045479
046440
046410
046144
045357
047197
047156
042014
047243
047565
047451
041438
046383
047735
047506
046010
048006
045775
044944
048261
045984
047354
047721
047107
048319
047495
048064
047410
047269
046899
042508
047592
046155
048344
047714
046629
048025
046067
049149
048807
046743
048012
047587
046683
048582
048937
048264
048113
046976
048984
047044
047692
047096
049034
048688
048974
047968
049184
048945
048585
048697
049608
049243
049078
048929
048705
047729
049304
048985
050014
050199
049525
049143
048183
049360
046476
050085
049476
048785
049540
049493
050128
047108
049425
050347
048069
049714
048938
049612
050559
049610
049132
050288
050107
049292
049924
048130
047962
050595
050010
050571
050440
050722
051074
051011
049989
049221
050226
045904
050761
050466
050669
050176
049783
051023
050648
051116
051146
050793
052095
050075
051259
048762
051115
051092
050244
051428
050628
051153
051371
049353
050809
050980
051287
051831
050148
050952
051398
050702
052126
051582
048211
051447
050839
051766
051174
051589
052318
051177
051379
052025
052075
052079
052714
045991
051358
048579
051037
051607
051596
049481
051430
048119
052175
049716
052084
052281
052633
053273
051673
051953
053044
052776
050544
052673
053375
052763
051238
052344
052778
050808
052764
052404
050371
052807
052972
052749
050771
050395
052463
050849
052874
045589
052890
053361
053634
045961
053531
050911
051592
052983
053560
051952
053357
053663
053210
050858
050504
053904
053337
053359
053379
054108
052122
053635
054117
053346
053435
053285
054000
053875
053986
053096
054398
054434
054042
054562
054029
054179
054095
055286
054811
054348
048396
054455
054131
054481
053960
054665
053597
054093
053830
054950
054800
055214
052830
054780
054070
054663
053193
052357
053392
054162
055003
054954
054552
055427
055299
053107
054927
055244
055672
055281
054767
055239
054626
055078
054827
051843
055340
055894
055163
052517
055744
055432
055449
056076
055241
055413
055871
054979
055922
050220
055520
054567
055909
056474
056206
055052
056167
055421
056198
056808
055277
055945
054315
055469
055252
056271
056182
056191
053936
055836
057047
055946
056282
056599
056706
057263
056711
057016
056366
056536
056240
056426
057224
055813
054622
054749
057113
055437
056941
053244
056818
051017
057039
055497
056593
056123
057235
056940
057122
056731
056579
057237
057416
057066
057793
057204
058293
055707
058596
056719
056605
059003
057561
058617
057246
057952
055828
055376
057063
057070
057209
058623
058554
058445
058586
059371
058751
058650
053816
059306
058672
057618
059019
057444
059270
057569
059042
059411
058525
057985
059387
058191
059541
059167
060559
059083
060271
059094
053384
057606
057918
058856
059584
059396
060045
056205
059585
060460
060267
060675
058670
060094
061655
060368
059185
060325
060401
059890
059668
061127
060517
061622
058167
059383
059316
061685
060661
061909
060743
057943
060461
061899
059015
060672
061005
062149
061026
060641
062531
060329
061901
061706
059191
061680
058634
061681
063632
061856
061959
063679
063758
062525
063445
062280
061021
061822
062513
062054
056654
062037
062950
063116
063317
062850
063227
059680
055121
061910
063720
064264
063296
060395
064045
059874
061530
063695
064815
054738
059486
065016
060247
064254
065298
065068
057929
065555
066124
054955
061310
056201
064989
066095
063686
063723
057695
065962
064326
065286
060874
066323
066596
065152
066247
065939
069113
067084
062049
057837
066309
067530
066344
062947
059560
066933
063356
067603
068046
061883
068847
061200
064182
067440
068580
063722
068795
062830
065898
068538
068908
068461
066753
068434
068887
069062
062855
061840
057421
062878
069196
068550
067412
069247
068726
069295
061647
061527
069766
069259
069593
069384
069271
069924
069209
070051
069596
069403
069871
069932
070012
069388
070405
069895
069691
069660
070423
069226
066122
065608
069293
069926
064358
070915
070904
069897
060308
069507
071137
071238
070913
060087
065336
068906
068266
072450
071707
071349
073036
070870
074149
074323
073382
072057
073161
071939
072311
074158
077745
069201
069651
076079
073262
074148
074573
072918
074025
076403
072994
078541
074397
074727
073407
076955
076350
079620
072544
075222
078635
076700
076184
078297
077398
076562
076057
079856
072953
072991
080131
080377
078875
079753
075349
080405
079852
078843
081200
079886
078290
081247
074360
081443
079560
081441
081248
077991
079882
081463
080263
081052
081768
079762
081423
082060
082603
082299
081921
081118
082455
082025
079899
081637
081845
070692
082133
081400
082845
083346
081988
081249
082811
081489
082899
083592
081481
083112
082824
082850
082742
079956
083306
077173
084317
083210
083432
082369
082448
084326
083733
083699
083917
083395
084341
082759
084196
083137
083639
083838
084248
084344
084138
083629
084225
072330
084203
072900
083474
084543
085027
083785
084293
082961
078609
081932
083428
082980
082849
084437
084917
084559
084908
084123
083017
031584
042270
084830
003419
040098
083506
085407
083877
046560
042903
084861
031756
081712
038872
042036
082702
043735
071652
016140
055043
058205
041360
042039
016343
042254
051158
058218
084108
082687
058210
077121
002316
042251
043770
082488
045806
085021
060166
051171
018970
083920
055048
083522
021724
085405
085408
043778
076739
038893
081813
038223
002315
020664
085426
020676
084091
020659
082835
020661
038217
020663
020672
083191
020666
020675
020662
083130
083567
020673
020667
020671
020670
020655
020677
051420
051162
020669
021415
020674
003423
016209
010058
020658
081825
072224
076034
081322
019470
084376
020668
084319
020657
010042
020660
083799
020656
046554
020665
008967
065407
084815
067200
067130
067125
067207
067129
067132
067136
067128
067135
067126
067127
067142
067124
067138
067149
067148
067140
067133
067153
067134
067137
067131
067144
067151
067139
067152
067145
067146
067154
067150
067147
067141
067143
067784
067787
067788
067789
067785
067783
067786
010685
017675
010684
010683
065380
065425
065437
065427
065443
065431
065432
065436
065429
065444
065454
065447
065440
065455
065435
065442
065452
065458
065468
065430
065449
065473
065476
065475
065471
065469
065467
065477
065428
065445
065434
065470
066533
065433
065465
066529
066520
065474
066534
066522
066517
066525
066524
066528
066539
066532
066540
066541
065439
066538
066542
066531
066536
066537
066535
066530
066543
065451
065426
065446
066518
065448
065478
065441
065438
065450
066519
066523
065453
066521
066527
065456
067012
067008
067009
067010
067011
067019
065472
067013
067017
066837
067007
067018
067014
067016
067284
067289
067293
067285
067286
067291
067290
067292
067294
067287
067288
067015
078648
078649
078651
066526
000756
000763
000772
000762
000764
000759
000753
000758
000752
000774
000773
000757
000766
000760
000775
000767
010427
000771
000769
000754
000765
010424
000770
000776
000768
010419
010417
010421
010423
010433
000755
010418
010432
010416
010429
010426
010434
010422
010439
000761
010437
010438
010425
010431
010435
010436
010428
010547
010542
010545
010550
010544
010549
010548
010551
010546
010541
010553
010552
010554
010543
010420
010430
010555
017672
017664
017665
017666
017668
017669
017673
017667
017674
017670
017671
017690
017679
017684
017691
017693
017706
017697
017714
017551
017683
017695
017687
017705
017696
017694
017692
017686
017550
017698
017703
017702
017699
017557
017688
017708
017689
017711
017704
017724
017709
017707
017700
017712
017713
017722
017725
017553
017726
017715
017736
017710
017733
017734
017721
017716
017719
017701
017737
017746
017729
017718
017728
017730
017738
017744
017735
017749
017720
017748
017755
017745
017743
017742
017739
017740
017717
017741
017727
017759
017751
017753
017764
017760
017769
017763
017754
017752
017766
017731
017762
017959
017758
017963
017772
017765
017956
017774
017761
017771
017773
017756
017961
017767
017958
017757
017770
017607
017969
017970
017971
017964
017962
017955
017645
017965
017661
017967
017685
017972
017966
017768
017750
026851
017968
017960
026845
026848
026842
026843
026852
026847
026849
026844
026846
017723
065484
065488
065482
065487
065481
065485
065498
065489
065500
065493
065492
065494
065497
065495
065508
065501
065504
065496
065503
065490
065517
017732
065512
065518
065514
065507
065516
065522
065509
065533
065527
065523
065536
065532
065531
065530
017747
065548
065537
065524
066507
066515
066514
065506
065549
065550
066509
066512
065535
066505
066553
065515
065521
065510
066559
066562
066565
065545
066561
065499
065544
066558
066563
017957
066555
065513
066560
065519
065541
065534
065540
066661
065525
066513
065543
066508
065542
065529
066689
026850
066683
065546
066674
066671
065486
066693
066707
065526
066715
066695
066705
066703
066735
066719
066704
066721
066697
066685
066678
066564
066742
066663
066736
066552
066694
066737
066696
066725
066822
066816
066740
066682
066690
066666
066506
066841
066677
066817
066706
065538
065505
066718
066692
066733
066849
066808
066556
066850
066709
066814
066708
065547
065539
066842
066712
066684
066853
066846
066729
066863
066672
066843
066664
066727
066855
066861
066876
066687
066875
066675
066869
066810
066873
066872
066701
066856
066848
066874
065511
066511
066844
066676
066897
066891
066510
066893
066516
066722
066662
066890
066820
066847
066813
066732
065502
066698
066686
066894
066857
066667
066673
066868
066990
066852
066818
066892
066916
066840
066691
065520
066738
066862
066896
066845
066914
066504
066913
066699
066993
067005
066995
066985
066915
066665
066681
066724
066983
066998
066734
066991
065491
065528
066866
066917
066731
066711
066999
066815
066680
065483
066878
067003
067040
066899
066660
066812
066688
066739
066669
067038
066730
066821
066679
067033
066859
066716
067039
066668
066984
066871
067046
066997
067036
066670
067035
067043
066982
066728
067032
067034
067045
066720
067041
066811
066710
067037
067050
066554
066819
066557
067048
067044
066717
067051
067049
066987
066713
066823
066992
066986
067226
066809
067052
066700
066865
066854
067227
066723
067004
066851
066714
066989
066870
066741
067000
067233
067236
067234
067230
067235
067229
066726
067249
066996
067238
067231
067253
067245
067261
067250
067247
067241
066877
067262
067242
067239
067232
067228
067263
067237
067240
067248
067042
067047
067254
067271
067243
067274
067272
067251
067260
067264
067259
067257
066858
067277
067282
066895
067258
066994
067267
067281
067279
067256
067273
067006
067244
067280
067266
067269
067275
067278
067276
066860
067312
067297
067283
067296
067303
067316
067304
066867
067300
067306
067295
066898
066864
067314
067301
067307
067305
067246
067002
067270
067252
067328
067255
067331
067298
067321
067302
067265
067329
067319
067322
067310
067326
067327
067317
067323
067309
067334
067344
067313
067330
067346
067333
067340
067325
067001
067338
067315
066988
067336
067353
067324
067335
067355
066702
067351
067343
067339
067352
067337
067350
067345
067342
067332
067354
067348
067358
067341
067362
067363
067361
067347
067349
067369
067356
067359
067364
067357
067366
067360
067371
067759
067370
067764
067373
067368
067374
067758
067367
067762
067756
067767
067768
067757
067765
067365
067372
067760
067769
067763
067761
067770
067268
067766
084873
084882
084887
084874
084886
084890
084876
084878
084885
084880
084883
084889
084888
085459
084897
084879
084877
085460
085461
084893
084891
084898
084875
067318
084884
084881
085458
085465
084899
085467
085474
085457
085464
085462
067311
085466
085472
085463
085475
085473
085489
084901
085487
085478
084894
084900
085482
085469
085471
085477
085470
085480
085492
085479
067308
085468
085485
084895
085483
085488
085481
085497
085484
085498
085495
085476
085505
085490
085496
085499
085494
085493
085491
085502
085504
085501
085486
085531
067320
067299
084896
085528
085503
085507
085508
085500
085506
085526
085522
085524
085529
085527
085542
085534
085530
085540
085525
085521
085543
085536
085533
085547
085538
084892
085554
085545
085544
085537
085564
085523
085557
085546
085552
085556
085576
085566
085550
085553
085563
085570
085541
085567
085555
085559
085560
085539
085561
085579
085565
085551
085549
085558
085562
085571
085581
085573
085587
085548
085577
085578
085584
085569
085589
085585
085586
085575
085572
085603
085599
085568
085592
085582
085605
085601
085583
085535
085594
085590
085609
085596
085588
085591
085600
085595
085574
085619
085637
085611
085602
085606
085604
085613
085612
085632
085580
085608
085624
085627
085614
085615
085631
085607
085620
085630
085610
085617
085616
085622
085621
085629
085623
085639
085640
085618
085626
085628
085625
085641
085634
085657
085597
085644
085635
085647
085643
085653
085642
085645
085636
085598
085638
085650
085593
085655
085656
085633
085670
085672
085664
085665
085651
085648
085661
085660
085646
085673
085666
085678
085649
085659
085675
085652
085669
085658
085663
085668
085695
085688
085687
085685
085697
085676
085662
085677
085683
085667
085693
085704
085716
085690
085671
085532
085679
085682
085686
085674
085709
085701
085684
085689
085700
085696
085694
085698
085681
085691
085720
085692
085723
085712
085702
085711
085725
085715
085707
085714
085710
085699
085703
085719
085708
085705
085736
085727
085706
085726
085735
085722
085729
085734
085740
085728
085742
085741
085713
085737
085744
085747
085754
085750
085746
085721
085717
085732
085733
085718
085743
085745
085756
085738
085730
085731
085759
085751
085757
085767
085739
085762
085724
085749
085760
085763
085776
085758
085775
085753
085771
085761
085748
085787
085752
085774
085766
085755
085779
085790
085765
085778
085777
085768
085780
085764
085797
085769
085782
085788
085770
085783
085785
085792
085793
085795
085773
085802
085784
085789
085794
085801
085800
085781
085772
085796
085791
085798
085819
085815
085799
085816
085826
085813
085817
085829
085827
085823
085786
085836
085828
085820
085831
085835
085842
085818
085821
085832
085841
085837
085654
085847
085834
085848
085840
085860
085838
085833
085839
085814
085822
085854
085850
085844
085845
085843
085830
085870
085851
085846
085855
085872
085864
085858
085857
085859
085869
085856
085866
085862
085849
085882
085871
085863
085865
085894
085867
085853
085893
085875
085852
085868
085877
085896
085879
085861
085885
085883
085897
085874
085907
085876
085880
085888
085900
085680
085886
085901
085889
085890
085899
085916
085895
085908
085884
085912
085898
085881
085905
085906
085887
085891
085903
085909
085910
085919
085918
085915
085939
085911
085930
085904
085922
085892
085924
085932
085928
085914
085926
085933
085920
085937
085935
085925
085923
085913
085934
085929
085931
085902
085921
085940
085936
085938
085917
085927
085954
085956
085951
085946
085959
085944
085945
085949
085964
085952
085957
085942
085948
085941
085947
085950
085943
085953
085961
085968
085990
085978
085955
085971
085960
085966
085958
085963
085984
085972
085962
085983
085977
085982
085969
085970
085994
085980
086002
085976
085975
085996
085997
085985
085981
085973
085965
085967
085979
086008
086007
085998
086005
085974
086001
085993
085986
085999
086003
085995
085992
085991
086006
085987
085988
086016
086019
085989
086015
086009
086017
086037
086012
086013
086020
086011
086023
086010
086025
086000
086033
086026
086034
086030
086024
086014
086022
086040
086021
086031
086004
086036
086035
086018
086029
086049
085878
086028
086032
086039
086048
086054
086043
086046
086038
086058
086047
086027
086045
086044
086062
086053
086061
086050
086056
085873
086041
086057
086042
086060
086052
086070
086082
086067
086059
086072
086065
086063
086064
086055
086073
086066
086089
086069
086071
086079
086074
086084
086087
086083
086080
086085
086098
086086
086092
086091
086118
086094
086068
086093
086100
086102
086081
086110
086088
086104
086113
086076
086096
086103
086095
086101
086107
086099
086111
086106
086090
086117
086109
086114
086130
086097
086105
086120
086122
086108
086112
086116
086140
086119
086139
086137
086127
086121
086129
086126
086138
086131
086115
086125
086123
086143
086124
086134
086135
086141
086051
086133
086136
086144
086165
086132
086160
086142
086152
086147
086128
086145
086146
086150
086151
086154
086162
086148
086167
086153
086157
086161
086183
086149
086168
086170
086156
086159
086166
086181
086169
086177
086184
086155
086173
086186
086178
086163
086171
086180
086174
086164
086172
086182
086179
086194
086192
086195
086193
086201
086185
086176
086187
086189
086200
086190
086210
086204
086191
086199
086188
086205
086214
086203
086196
086212
086211
086208
086220
086197
086209
086222
086198
086202
086207
086225
086218
086217
086219
086213
086233
086232
086234
086230
086206
086221
086226
086229
086215
086216
086241
086223
086227
086235
086244
086240
086236
086246
086257
086239
086231
086237
086224
086243
086247
086242
086249
086158
086245
086258
086078
086077
086251
086248
086266
086268
086269
086228
086075
086262
086259
086260
086276
086250
086264
086263
086267
086271
086279
086261
086274
086283
086292
086270
086284
086285
086278
086288
086286
086287
086275
086300
086282
086296
086297
086294
086277
086290
086281
086280
086314
086272
086293
086291
086315
086312
086302
086311
086308
086289
086298
086304
086273
086316
086301
086310
086307
086306
086303
086319
086324
086318
086323
086332
086305
086299
086322
086309
086313
086326
086328
086320
086335
086330
086317
086343
086342
086333
086349
086327
086338
086325
086331
086334
086336
086321
086354
086357
086345
086341
086353
086344
086358
086355
086359
086329
086339
086347
086351
086356
086340
086364
086361
086352
086368
086350
086376
086362
086375
086366
086369
086348
086363
086370
086360
086386
086371
086175
086367
086365
086374
086384
086393
086398
086396
086388
086378
086373
086381
086397
086379
086372
086400
086404
086389
086394
086392
086407
086410
086402
086409
086383
086387
086405
086380
086422
086412
086417
086403
086399
086391
086411
086416
086390
086424
086419
086382
086401
086429
086415
086265
086428
086408
086413
086438
086427
086433
086414
086436
086423
086442
086421
086425
086437
086439
086431
086406
086434
086444
086420
086454
086435
086460
086475
086447
086449
086238
086432
086457
086448
086456
086455
086458
086441
086468
086451
086445
086470
086452
086462
086446
086476
086477
086465
086461
086469
086487
086464
086498
086472
086473
086479
086493
086474
086485
086463
086480
086494
086481
086491
086499
086483
086502
086471
086478
086482
086497
086484
086496
086504
086295
086506
086507
086495
086522
086512
086515
086509
086539
086503
086501
086337
086517
086508
086523
086513
086518
086534
086532
086521
086526
086533
086549
086500
086514
086520
086519
086543
086527
086547
086541
086529
086530
086537
086544
086560
086552
086524
086542
086559
086525
086550
086545
086561
086551
086557
086548
086556
086563
086546
086570
086579
086575
086569
086558
086346
086576
086553
086554
086562
086572
086584
086582
086583
086377
086589
086555
086574
086571
086587
086599
086601
086593
086566
086592
086573
086581
086591
086577
086443
086596
086540
086492
086598
086604
086597
086630
086621
086600
086489
086385
086395
086578
086605
086619
086538
086632
086588
086567
086459
086610
086622
086490
086603
086627
086602
086608
086565
086535
086450
086606
086638
086660
086430
086640
086634
086644
086645
086631
086648
086633
086564
086651
086652
086639
086653
086657
086426
086613
086615
086536
086418
086607
086641
086614
086686
086664
086659
086693
086617
086685
086665
086637
086689
086661
086658
086647
086692
086704
086642
086580
086695
086696
086707
086694
086708
086649
086586
086703
086691
086612
086699
086709
086682
086718
086690
086646
086701
086711
086715
086654
086705
086724
086585
086616
086722
086726
086720
086698
086650
086710
086728
086731
086595
086736
086625
086730
086725
086729
086753
086440
086510
086623
086620
086511
086568
086706
086750
086758
086628
086776
086763
086759
086766
086773
086765
086700
086791
086785
086635
086777
086801
086505
086714
086783
086636
086782
086771
086797
086792
086787
086688
086795
086453
086626
086794
086804
086805
086781
086769
086796
086798
086789
086816
086697
086808
086727
086802
086799
086800
086531
086655
086807
086806
086629
086803
086820
086662
086793
086810
086624
086809
086821
086815
086778
086812
086774
086594
086752
086716
086814
086754
086817
086818
086826
086811
086833
086828
086762
086825
086823
086609
086751
086813
086846
086764
086827
086824
086829
086739
086843
086837
086611
086838
086854
086864
086855
086851
086687
086735
086755
086775
086835
086853
086867
086618
086857
086747
086822
086721
086841
086858
086868
086719
086745
086880
086748
086863
086845
086656
086882
086528
086869
086840
086830
086702
086761
086891
086749
086899
086890
086893
086873
086870
086866
086885
086906
086886
086683
086733
086908
086896
086888
086901
086912
086488
086738
086916
086895
086902
086914
086590
086907
086849
086861
086856
086742
086878
086832
086900
086760
086772
086897
086865
086741
086874
086921
086919
086923
086887
086924
086860
086911
086936
086917
086852
086930
086872
086862
086723
086871
086939
086875
086938
086937
086819
086883
086734
086946
086732
086935
086746
086932
086942
086952
086955
086790
086486
086744
086933
086757
086950
086786
086945
086713
086756
086767
086770
086780
086918
086978
086927
086954
086981
086987
086779
086958
086969
086998
086977
086975
086941
086988
086889
086982
086984
086996
086986
086961
087000
086995
086999
087002
086994
086992
086910
087004
087010
086965
086743
087005
087009
087016
086948
087019
087006
087020
087003
086839
087014
087035
087015
086953
087013
086850
086913
087011
087040
086915
087027
086877
086947
087030
087026
087017
087021
086879
087022
086663
087041
087031
086979
087034
087039
086990
086957
087012
087032
086931
086991
087028
087029
086903
087056
086973
087050
086983
086836
086884
087037
086712
086737
086859
087077
087018
086643
086516
087078
086831
087067
087053
087070
087068
086905
086922
087072
086740
087090
087081
087055
086926
087052
086929
087076
086876
087094
086844
087082
087092
086848
087079
086834
086925
086892
087106
087101
087047
086943
087093
086993
086940
087095
087088
086717
086974
086894
086962
087124
087105
087117
087074
086904
087127
087132
087114
087125
087131
087122
086976
087128
087126
087102
086898
087120
087141
087111
087073
087142
086949
086968
086951
087147
086956
086944
087144
087136
086909
087139
087109
087118
086784
087098
087024
086959
086934
086966
086980
086842
087043
087143
087138
087008
087110
087154
086997
086847
087149
087063
087123
087045
086768
087155
087062
087129
086960
087190
087202
086972
087181
087161
087180
087049
086989
087046
087145
087179
087184
087153
087188
087130
087133
087080
087025
087007
087137
087087
087054
087192
087033
087203
087187
087200
087038
087198
087134
087206
087172
087099
087042
087197
086928
087108
087221
087174
087140
087146
086788
087212
087001
087104
087219
087156
087167
086964
087023
087064
087121
087217
087226
087163
087157
087061
086971
087246
086963
087224
087239
087244
087086
087233
087220
087193
087085
087242
087225
087256
087248
087235
087065
087084
087083
087232
087240
087066
087159
087229
087205
087253
087191
087238
087266
087262
086985
087100
087258
087257
087276
087268
087252
087071
087096
087249
087107
087075
087069
087113
087162
087275
087271
087279
087267
087286
087222
086920
087263
087211
087176
087280
087119
087272
087171
087290
087282
087295
087298
087178
086970
087299
087260
087297
087291
087209
087292
087314
087036
087285
087182
087237
087115
087287
087300
087177
087228
087216
087303
087306
087313
087210
087243
087304
087312
087308
087048
087150
087307
086967
087135
087328
087170
087339
087317
087330
087165
087325
087329
087270
087152
087289
087051
087185
087194
087215
087311
087334
087196
087151
087250
087213
087316
087338
087319
087173
087168
087158
087326
087320
087321
087261
087309
087294
087301
087247
087302
087335
087255
087148
086881
087340
087097
087341
087332
087355
087349
087169
087175
087336
087356
087343
087346
087360
087354
087342
087352
087348
087353
087214
087337
087333
087364
087365
087350
087351
087347
087362
087223
087324
087359
087361
087204
087375
087367
087164
087218
087186
087103
087264
087277
087363
087273
087368
087380
087381
087377
087358
087366
087265
087201
087208
087254
087390
087391
087383
087395
087389
087400
087399
087044
087386
087396
087259
087417
087378
087116
087278
087195
087230
087089
087394
087305
087397
087398
087402
087412
087418
087411
087434
087422
087424
087393
087415
087416
087433
087423
087429
087441
087419
087413
087427
087420
087234
087236
087269
087251
087430
087384
087207
087374
087385
087431
087444
087452
087435
087407
087440
087357
087421
087454
087387
087437
087281
087227
087283
087112
087293
087241
087369
087460
087453
087445
087439
087371
087443
087447
087446
087474
087463
087466
087462
087481
087468
087483
087345
087274
087426
087331
087091
087480
087310
087327
087461
087475
087467
087459
087469
087472
087488
087464
087490
087486
087323
087479
087160
087477
087485
087284
087344
087497
087476
087496
087478
087482
087500
087470
087502
087404
087508
087509
087489
087465
087492
087505
087507
087487
087503
087491
087519
087438
087370
087499
087501
087514
087510
087513
087512
087199
087506
087410
087517
087166
087442
087511
087322
087403
087521
087515
087528
087516
087520
087523
087524
087525
087534
087530
087522
087526
087536
087538
087373
087531
087550
087546
087436
087542
087527
087533
087553
087518
087554
087537
087392
087535
087388
087548
087231
087545
087559
087451
087532
087539
087382
087564
087547
087529
087318
087568
087379
087549
087543
087372
087561
087551
087544
087189
087565
087571
087567
087425
087541
087552
087581
087414
087587
087572
087579
087401
087574
087409
087493
087588
087576
087455
087580
087406
087573
087557
087558
087376
087560
087405
087570
087432
087428
087585
087245
087577
087589
087603
087578
087569
087597
087498
087594
087593
087609
087602
087555
087604
087584
087598
087592
087600
087610
087575
087590
087614
087608
087617
087629
087484
087595
087605
087606
087601
087288
087599
087596
087620
087607
087616
087591
087618
087563
087622
087457
087504
087315
087183
087612
087495
087624
087613
087627
087633
087615
087626
087630
087623
087634
087621
087625
087456
087639
087619
087631
087628
087450
087632
087448
087458
087647
087635
087653
087637
087636
087643
087664
087645
087641
087642
087646
087640
087648
087638
087656
087655
087658
087659
087449
087644
087650
087296
087666
087649
087670
087657
087665
087667
087668
087471
087661
087675
087662
087473
087654
087676
087652
087651
087679
087674
087684
087671
087673
087669
087586
087583
087678
087682
087660
087494
087690
087701
087686
087677
087680
087685
087687
087681
087697
087672
087582
087692
087688
087696
087691
087694
087689
087693
087683
087695
087707
087705
087703
087714
087711
087698
087730
087710
087699
087724
087713
087700
087727
087712
087708
087722
087723
087706
087721
087718
087742
087741
087729
087702
087716
087725
087726
087734
087737
087728
087731
087540
087709
087566
087739
087556
087754
087751
087746
087744
087733
087740
087408
087753
087750
087738
087749
087748
087736
087759
087562
087764
087756
087765
087747
087758
087762
087745
087611
087715
087743
087771
087757
087735
087767
087755
087766
087752
087778
087780
087761
087777
087774
087772
087775
087776
087763
087769
087786
087773
087770
087783
087768
087803
087779
087719
087781
087792
087798
087784
087802
087720
087785
087797
087717
087794
087789
087787
087805
087808
087795
087791
087796
087812
087807
087824
087782
087800
087815
087813
087806
087788
087790
087811
087804
087809
087816
087799
087810
087820
087801
087819
087821
087831
087793
087822
087814
087840
087829
087817
087849
087832
087663
087825
087827
087843
087833
087835
087818
087848
087837
087844
087830
087842
087850
087823
087845
087838
087853
087860
087859
087828
087854
087847
087834
087852
087839
087846
087861
087841
087826
087855
087836
087869
087856
087851
087857
087862
087863
087867
087864
087881
087874
087868
087865
087884
087871
087866
087878
087870
087880
087885
087891
087883
087879
087858
087875
087886
087888
087890
087873
087877
087897
087893
087896
087901
087760
087882
087872
087903
087887
087889
087898
087894
087906
087919
087895
087915
087900
087904
087902
087892
087913
087899
087924
087927
087916
087938
087933
087909
087942
087920
087907
087934
087905
087908
087910
087911
087912
087914
087932
087930
087928
087931
087918
087937
087944
087929
087945
087943
087951
087732
087935
087952
087947
087946
087963
087950
087925
087968
087940
087948
087936
087949
087976
087939
087954
087958
087926
087941
087955
087953
087965
087970
087966
087971
087980
087974
087983
087964
087973
087979
087961
087977
087987
087957
087981
087972
087986
087991
087975
087982
087984
087962
087967
087993
087989
087985
088001
087978
088003
087997
087988
087996
087990
087994
088009
088010
087999
087992
088005
088025
088000
088016
088002
088006
087995
088013
088015
088018
088007
087998
088030
088019
088027
088011
088014
088020
088004
088023
088024
088029
088012
088008
088031
088032
088028
088033
088017
088034
088049
088037
088022
087922
088048
088021
088038
088040
088041
088042
088043
088047
088051
088052
087923
088044
088026
088060
088036
088050
088039
087921
087917
088045
088054
088056
088058
088057
086466
088055
088059
086671
086670
087876
086666
088046
086679
086673
088061
088063
086672
086467
086667
086680
086676
086681
086677
086674
088062
087959
086669
086678
086675
000720
000726
086684
086668
000722
000721
000730
087960
000723
000724
000742
000727
000725
000733
000731
000728
088053
000729
000744
000741
000748
000749
000737
088064
000740
000732
000745
000743
000735
000736
000750
088035
000734
087956
000738
000751
000739
000746
000747
087969
010447
010440
010445
010448
010453
010460
010456
010451
010449
010443
010459
010463
010442
010455
010465
010457
010458
010471
010472
010462
010475
010452
010468
010473
010464
010469
010450
010470
010500
010454
010466
010461
010474
010467
010498
010499
010654
010662
010656
010653
010649
010671
010658
010650
010681
010657
010674
010675
010673
010688
010669
010678
010682
010679
010676
010677
010704
010680
010689
010686
017537
010672
010444
010690
010687
010706
010691
017545
010670
017542
017538
010692
010705
017556
017543
010707
010708
017580
017536
010446
017544
017559
017548
017571
017549
017540
017560
017570
017546
017563
017541
017562
017554
017558
017552
017567
017572
017547
017569
017574
017555
017565
010441
017579
017581
017573
017566
017564
017575
017576
017577
017561
017583
017591
017585
017600
017595
017593
017613
017605
017584
017587
017611
017578
017614
017596
017588
017603
017586
017582
017616
017594
017589
017597
017621
017592
017601
017610
017602
017612
017599
017618
010666
017606
017626
017630
017629
017617
017624
017620
017619
017633
017623
017634
017638
017632
017627
017598
017637
017628
017641
017650
017636
017644
017646
017639
017622
017643
017651
017649
017659
017657
017642
017654
017640
017647
017631
017658
017656
017648
017608
017604
017653
017655
017652
017663
017677
017676
017609
017590
017680
017539
017660
017682
017678
010661
017681
017635
017568
017615
017662
017625
